0 0.004355641038480361 0.0005880143775783003 32.340121341598156
1 0.00025819947692605347 0.0005138657040933663 32.93237321425258
2 0.0002100508029311145 0.0004890599248415612 33.15052081806853
3 0.0002017468382485522 0.000475730907984395 33.272412423475096
4 0.0001892079447992797 0.0005000358920524571 33.050915325674666
5 0.00018927236066240666 0.0004588704106665434 33.4313523312719
6 0.00018063017610743005 0.0004667874513580365 33.35520405250285
7 0.0001769461553509047 0.0004547605169639784 33.470832309143915
8 0.00017685492446323884 0.0004540956467687291 33.47701852617014
9 0.00018998957618406723 0.0004469981030660107 33.547037393108276
10 0.0001683373047681404 0.0008832957877955855 30.552260349104053
11 0.0001692431539220413 0.0005131698810455805 32.935203656797526
12 0.00016214076734575005 0.0004400889335963082 33.61549745781856
13 0.00018085650628641185 0.0005634057773970701 32.52309073889934
14 0.0001555679361889044 0.00043710979429925693 33.64547002944965
15 0.0001578219895814137 0.00044105731587401256 33.605379652135674
16 0.00016530179478624235 0.000574903124869068 32.433771182645046
17 0.0001463929017919107 0.0004344217979567165 33.67247993939955
18 0.00014956281786636665 0.0004369226040348331 33.64675818581138
19 0.00014638649877679415 0.0004467277408656763 33.54798904421394
